First line
India
Selenium WebDriver training with Live Java projects7,
3,0,
3,8,2,
5,9,9,8,
2,0,4,8,6,
8,5,2,6,7,6,
4,9,5,4,3,3,1,
0,3,4,9,9,0,7,7,
0,2,8,7,3,0,2,2,5,
6,7,7,8,6,8,2,1,0,4,
First line
India
Selenium WebDriver training with Live Java projects2,8,8,6,8,6,6,0,4,4,8,3,
4,5,4,1,6,5,2,6,7,9,4,2,4,
3,5,0,0,9,6,8,3,3,0,9,4,0,5,
2,4,8,9,3,0,6,3,5,9,4,9,8,0,5,
6,1,6,3,5,4,7,9,3,2,9,4,3,1,3,1,
8,4,3,3,2,1,2,9,5,2,3,5,1,6,1,8,7,
2,5,0,0,8,5,8,4,3,2,1,5,5,8,2,8,1,1,
2,0,0,6,6,9,2,0,7,4,1,8,1,5,8,2,5,6,4,
4,2,8,5,5,6,0,9,8,2,6,9,8,4,3,7,2,3,7,3,
